f_effective Mass
0.0239969819607 7.21576230803e-10
0.0774173741285 8.16316504119e-10
0.190981890404 6.83631722707e-09
0.304397097487 1.04198556251e-08
0.375109121493 2.18707306351e-08
0.463564504212 2.30253723588e-08
0.489753131539 3.87906502311e-08
0.569764481385 6.42811508211e-08
0.802259678461 7.27112205418e-08
0.920000355512 1.19439046492e-07
0.953442233488 1.36708083649e-07
0.986554941938 1.43445818833e-07
1.10185554089 1.67351755248e-07
1.14990976796 2.13113120274e-07
1.20561034979 2.28907683851e-07
1.23569535001 2.75637913621e-07
1.35781952142 3.14177793591e-07
1.50801061085 3.21757018367e-07
1.5625274237 3.62186909601e-07
1.63097269739 4.36520495353e-07
1.78858732089 4.61221344268e-07
1.85157491144 5.72707215229e-07
1.90316531789 6.25493174952e-07
1.99842973367 7.44866854303e-07
2.03777350794 8.32233250949e-07
2.20020039025 8.87384112233e-07
2.23738007659 9.81835047544e-07
2.33608005729 1.03006692953e-06
2.3971701459 1.04371777883e-06
2.45415307468 1.16920298753e-06
2.60227752222 1.27138860718e-06
2.72388073427 1.31590105914e-06
2.75128474433 1.35934230748e-06
2.78548595281 1.48342167373e-06
2.86231323698 1.56048587674e-06
2.93475354585 1.58647166432e-06
3.00484275885 1.80382041442e-06
3.18336757031 1.92207585236e-06
3.3580117811 2.05016399549e-06
3.39571299515 2.20537004357e-06
3.50714821772 2.35884214755e-06
3.53267206053 2.38213653487e-06
3.62956890929 2.47641519495e-06
3.6548561256 2.68761017395e-06
3.75588813023 2.74086866094e-06
3.78956155255 2.89124268781e-06
3.94379556352 2.96991174706e-06
4.02204555648 3.10022096154e-06
4.13142665576 3.23288518093e-06
4.25834572447 3.48234569356e-06
4.36426325451 3.574894795e-06
4.39143778221 3.6704716495e-06
4.42205591841 3.864868128e-06
4.5250725447 3.96935310005e-06
4.67532768018 4.20455483211e-06
4.7364253219 4.22223412764e-06
4.78605728089 4.42567600789e-06
4.88150694679 4.50721605322e-06
4.98631541767 4.65403202676e-06
4.99314876159 4.71978165721e-06
5.10612013385 4.98360738569e-06
5.24673213488 5.37340133136e-06
5.3031794549 5.44719184689e-06
5.38600672246 5.53756166239e-06
5.49615634052 5.6896805752e-06
5.55156604187 5.95920100648e-06
5.6253722152 6.01420738393e-06
5.67222972602 6.2170089032e-06
5.76567181666 6.39231095433e-06
5.79736718463 6.47214526991e-06
5.87129608082 6.55215226415e-06
5.95283588021 6.73782101269e-06
6.16334188435 7.01316913902e-06
6.23096676463 7.31243811761e-06
6.27801571367 7.77163736613e-06
6.38666854273 7.87401784518e-06
6.44270333827 7.94693512169e-06
6.60038010649 8.22062378612e-06
6.67724196333 8.6898328874e-06
6.75814204285 8.96058511032e-06
6.84105487169 9.12720066446e-06
6.97568753389 9.3911657507e-06
7.06542078897 9.53645153061e-06
7.17340387036 9.71663369033e-06
7.20045671065 9.90087333025e-06
7.24837527184 1.03403110983e-05
7.26716140508 1.05123610677e-05
7.3692091811 1.06526400318e-05
7.46330232163 1.09175085989e-05
7.61652948622 1.09908576184e-05
7.65935917358 1.11592657161e-05
7.677119939 1.13659912301e-05
7.77011651718 1.16899406576e-05
7.9148043516 1.18714560077e-05
8.03976286989 1.20934288242e-05
8.15075126679 1.231189062e-05
8.21860244956 1.28408932159e-05
8.35167407876 1.29727969731e-05
8.39256834865 1.33207512043e-05
8.5366479253 1.36687052939e-05
8.6313536321 1.39563935775e-05
8.67696480699 1.42519001674e-05
8.72846301784 1.45336457732e-05
8.87218377397 1.47561013216e-05
8.93653738634 1.49675389579e-05
8.98380871374 1.5416678365e-05
9.01403895404 1.56767874895e-05
9.21274289105 1.6072547677e-05
9.30604671602 1.640302319e-05
9.35987567642 1.67299186744e-05
9.42187161409 1.69276041088e-05
9.49585616503 1.7374728607e-05
9.62090950774 1.76125808734e-05
9.66892955818 1.7999335885e-05
9.7332760648 1.83151403857e-05
9.82767212468 1.87241844272e-05
9.93085328531 1.89076575531e-05
9.97681313307 1.92459887612e-05
10.0557241874 1.93947615326e-05
10.2047821184 1.95840936352e-05
10.3095614273 2.00377869652e-05
10.3755819903 2.07189556248e-05
10.4948697645 2.09561949232e-05
10.5032191464 2.13732785347e-05
10.5819559037 2.15314525183e-05
10.7102474837 2.18081211997e-05
10.7270133699 2.24139117987e-05
10.9067564004 2.26167364351e-05
10.9346576574 2.29325418703e-05
10.9713106033 2.32748299575e-05
11.1511942831 2.37304559695e-05
11.1878764234 2.40923944455e-05
11.2926993661 2.46409234357e-05
11.3379596992 2.5114708149e-05
11.4430468077 2.56589863262e-05
11.5275444278 2.59327408992e-05
11.6099077498 2.62873304342e-05
11.6554683488 2.67280472314e-05
11.7241130997 2.70481145117e-05
11.8473851871 2.73203983559e-05
11.930114997 2.77324902869e-05
12.0967416674 2.81451980732e-05
12.1589881952 2.88344158238e-05
12.2316607254 2.94212683194e-05
12.3154697595 2.96512130583e-05
12.4779889159 3.0220080494e-05
12.4990100436 3.04093209537e-05
12.5973438872 3.07954432699e-05
12.7199861755 3.13671135552e-05
12.8169364108 3.18401957673e-05
12.8318365423 3.24214769847e-05
12.8882689183 3.2870918353e-05
13.0310207506 3.30730202297e-05
13.1061636982 3.3519976225e-05
13.1749574624 3.40410165728e-05
13.3162456337 3.46457312453e-05
13.367040275 3.48989681779e-05
13.5402826498 3.50484307258e-05
13.570033152 3.62644937258e-05
13.7049929019 3.67548185573e-05
13.7487430404 3.71916293637e-05
13.8170599602 3.7714880855e-05
13.8238414081 3.80107121458e-05
13.921244985 3.82713330801e-05
14.0316390767 3.88867681376e-05
14.171593969 3.94215144675e-05
14.2327939678 3.94673981569e-05
14.3215430402 4.06947238396e-05
14.4367644541 4.12093989926e-05
14.5047118408 4.19770154545e-05
14.6186262636 4.2334345923e-05
14.650262311 4.29957329451e-05
14.7335078068 4.33039802509e-05
14.8150319333 4.40447218376e-05
14.851132719 4.44659422546e-05
14.9824714825 4.49131464107e-05
15.0246593438 4.5521374068e-05
15.1756515291 4.58271858533e-05
15.2725380674 4.66062627919e-05
15.3045995195 4.75979571756e-05
15.3654369088 4.82889274046e-05
15.4066858347 4.85110083895e-05
15.5565404907 4.89743764963e-05
15.6376133128 4.94269042148e-05
15.7066607596 4.98566831384e-05
15.7480933954 5.01059184195e-05
15.938354305 5.05748188401e-05
15.9728766581 5.208689771e-05
16.1333959418 5.24377196996e-05
16.2019105181 5.28762419786e-05
16.2856769773 5.3573659861e-05
16.4083998478 5.42093255774e-05
16.4455687823 5.44836927961e-05
16.5773933988 5.58612177806e-05
16.6400953642 5.6261405951e-05
16.7042313778 5.67376364768e-05
16.8206423885 5.7562078935e-05
16.8854499433 5.85698371561e-05
16.9154545751 5.8812973896e-05
16.953385968 5.96709949885e-05
17.0588485675 6.01931708278e-05
17.1219277329 6.08131051313e-05
17.1995852438 6.13671352627e-05
17.2916472257 6.2081751842e-05
17.4387867436 6.25820076587e-05
17.4894156364 6.34467304983e-05
17.5676113009 6.36916473888e-05
17.7411890524 6.41563043603e-05
17.7799812222 6.57369398273e-05
17.8125898917 6.60056732789e-05
17.9419304601 6.67206570919e-05
18.092228828 6.73239968411e-05
18.1508683415 6.75529258052e-05
18.1839424564 6.81410227849e-05
18.2689681559 6.92601721315e-05
18.4063530667 7.01430730259e-05
18.4945441447 7.07176003944e-05
18.5502148585 7.13729831478e-05
18.6332428031 7.15758801492e-05
18.6813028028 7.22915339358e-05
18.7842141392 7.37671800129e-05
18.8239429965 7.47077039726e-05
18.9942028089 7.50389059138e-05
19.1234366598 7.53997332582e-05
19.1759054683 7.64309379335e-05
19.3308754204 7.71129357329e-05
19.4016503636 7.72612996437e-05
19.4403084756 7.85171370737e-05
19.5451295103 7.92236697844e-05
19.689670237 7.99811067961e-05
19.7897359985 8.02689242332e-05
19.8005064391 8.13861414041e-05
19.9064259335 8.1710109974e-05
19.971353275 8.3051650959e-05
20.1324464089 8.46128089225e-05
20.2051199705 8.46714420203e-05
20.3118037671 8.58439929365e-05
20.3914249753 8.65159236959e-05
20.4028913219 8.77172069835e-05
20.5615568108 8.7840437395e-05
20.6012081544 8.89912570784e-05
20.6452216491 8.99169453189e-05
20.7498650604 9.06024055224e-05
20.7686674868 9.10976175969e-05
20.8950065393 9.20654113964e-05
20.9890854465 9.29785005727e-05
21.0220251668 9.39421269981e-05
21.0757628429 9.54633693189e-05
21.1829439307 9.65202510665e-05
21.28011876 9.73000956551e-05
21.3936577531 9.73543023231e-05
21.4186281429 9.78437788658e-05
21.568981409 9.96562937046e-05
21.5945556897 0.000100403713908
21.6881875916 0.000101497242534
21.769212204 0.000102002170386
21.8059672501 0.000102531676944
22.0056754254 0.000102734622435
22.1295641208 0.000103873604015
22.1715479769 0.000105482210885
22.2416732844 0.000106053219831
22.4081205189 0.000106711543327
22.5264352318 0.0001079138726
22.5530856193 0.000109358099717
22.6334774357 0.000110067568982
22.7506516243 0.000110565208935
22.8355699003 0.000111563037332
22.8690146429 0.000113558927964
22.9331344889 0.000114048980124
23.1308589416 0.00011516876514
23.1500725566 0.000116243146199
23.3088960478 0.000117716261778
23.3749307553 0.0001182067922
23.3938777057 0.000119346555677
23.5795233104 0.000119734644805
23.6164897468 0.000121792332579
23.7206298347 0.000122604158077
23.7690060668 0.000123906691484
23.8282991904 0.000124036377392
24.0175670701 0.000124336129317
24.0790617544 0.000125432929454
24.1605498392 0.000126896759696
24.2170228822 0.000127491424834
24.3020073762 0.000129186250065
24.3232395869 0.000130288564653
24.3678169598 0.000131715290789
24.4784790191 0.000132600547874
24.5859948257 0.000133676553117
24.6660881883 0.000134670427576
24.7728412371 0.000135640968936
24.9447635722 0.000136494036964
24.9499540066 0.000137768614676
25.0081217734 0.000139257828089
25.149264138 0.000140685530843
25.302734777 0.000140976082506
25.4237529718 0.000142559681472
25.4435409525 0.00014305939534
25.4801854162 0.000143797855572
25.5263579861 0.000144888479174
25.6091609027 0.000146887511745
25.6870745733 0.000147514771266
25.8047180017 0.000148924353676
25.9704277972 0.000150222732573
26.0414809256 0.000151199587825
26.076496105 0.00015129292747
26.1529264574 0.000152157603515
26.3425055537 0.000153821844885
26.4582385491 0.000154805225128
26.5072076842 0.000156225113429
26.6517250468 0.000158257888563
26.7008554787 0.000159739779671
26.7594241036 0.00016088557395
26.8121756115 0.000161911996833
26.8808915026 0.000162047646023
26.9758318825 0.000163073288267
27.0359067855 0.000165135028029
27.1035627326 0.000167553911614
27.2348242559 0.000167819799862
27.2977022269 0.000170431182625
27.3979472933 0.000171963502767
27.4869616996 0.000173359517607
27.5932735173 0.000173619782782
27.6986192005 0.000173998154187
27.7742639034 0.000175145350144
27.8748016919 0.00017772056218
27.9259318036 0.000179577146072
28.1044351511 0.00017988907596
28.1642885315 0.000181094483356
28.2485229577 0.000181928681729
28.409616672 0.00018273278618
28.4194231972 0.000183428426619
28.473570022 0.000186377129477
28.6353723146 0.000187530361608
28.6637323774 0.000189684930892
28.6898741671 0.000190018127884
28.8800250545 0.000190348650748
29.0216770991 0.000191165766973
29.0695181178 0.000193276106625
29.2089369245 0.00019515753904
29.2250966163 0.000196765102144
29.2815982222 0.000198884447607
29.330172965 0.000199548701382
29.4626937274 0.000202453050452
29.5510735359 0.00020357496169
29.6518947825 0.000203665441865
29.7116827597 0.000205228625744
29.844537307 0.000207442432238
29.9048841312 0.000209406575422
29.9851476355 0.00021179596956
30.1002535333 0.000213399809608
30.1974325807 0.000214444241505
30.4001922933 0.000214990630118
30.4646654198 0.000216488621915
30.5122407909 0.000218356180488
30.5565390225 0.00022126033304
30.5970033931 0.000222551589008
30.6266665773 0.000223208641621
30.6893861606 0.000224811783375
30.806909777 0.000227636803596
30.920764014 0.000227883507038
30.9845267535 0.000229236638797
31.1389222066 0.000230523014199
31.2142080288 0.000231915333114
31.2780177176 0.000234226380061
31.3227102415 0.000235843113
31.4412185796 0.000236487524868
31.5502544162 0.000237879280668
31.7444480293 0.000239182104684
31.8186115843 0.000240886766796
31.8985278313 0.000241992014281
31.9752427502 0.000243533218789
32.0320325457 0.000245771990736
32.1189141503 0.000247291074552
32.300158357 0.000250390811418
32.3300354906 0.000251286111856
32.4647753599 0.00025332748061
32.5218907768 0.000255003429537
32.5824222942 0.000258254339101
32.6333976752 0.000259952645855
32.7745564098 0.000261475592348
32.8171450432 0.000263912140911
32.9494477194 0.000264003402353
33.0309546784 0.000266994206364
33.1085599282 0.00026902233341
33.1393682414 0.000271482849902
33.2456003853 0.000272271879547
33.3399880932 0.000274487357801
33.3822971282 0.000275236133906
33.3987947336 0.000276929744912
33.5278925614 0.000278731517813
33.622902884 0.000280950958706
33.7043717369 0.000284680415895
33.8013552273 0.000286406877919
33.8669867501 0.000288162989911
34.0461125114 0.000290904386811
34.1283641068 0.00029189556812
34.2043269352 0.000295232640729
34.3166669023 0.000296337762228
34.360684525 0.000297463022042
34.5960763335 0.00029912745086
34.7022124744 0.000301093533466
34.7257568524 0.000304857632219
34.7571115782 0.000305436666275
34.8176644156 0.00030622172683
35.0094637211 0.000309488127299
35.0542762924 0.000310949726837
35.1455267839 0.000313618738968
35.2416836357 0.000315320998025
35.3065886652 0.00031739242375
35.435143141 0.000321138703595
35.4773450497 0.000322338634912
35.605399896 0.000324193759194
35.7381698537 0.000326980062276
35.7947995543 0.000327635051969
35.9047897387 0.000328840437575
36.1022503745 0.000333531950943
36.160968043 0.00033649875973
36.2786359217 0.00033785233662
36.3262082807 0.000338816437377
36.3847704414 0.000341307695587
36.5166630099 0.000341862923784
36.5974333284 0.000344152714566
36.6839899124 0.000348170024474
36.742443443 0.000349793565851
36.775990414 0.000351516947487
36.8766428164 0.000353762852965
36.9303940609 0.000356278336843
37.0723591847 0.000359160441821
37.1194447779 0.000360639827203
37.1704343715 0.000362143288645
37.2596119113 0.000363851503014
37.3701518549 0.000364966935793
37.4921530741 0.000367832442263
37.5501637859 0.000370223794813
37.6338781422 0.00037353539254
37.7426371142 0.00037547990381
37.819199181 0.000376538958889
37.929933873 0.000379601984806
37.9692523629 0.000383794626387
38.0301746206 0.000385026229856
38.2647192202 0.000386117269724
38.3111121112 0.000389793339192
38.4097445298 0.00039414911323
38.4864839176 0.000394621052274
38.5380906183 0.000396665197652
38.6846265307 0.000399406148183
38.7359850213 0.0004012694429
38.8751790563 0.000403947640339
38.9627666495 0.00041086216629
39.0252134812 0.000411890459769
39.2198698125 0.000417517604725
39.2383848754 0.000417816352089
39.3142844961 0.000422143031053
39.4392642368 0.000423883617273
39.5535333508 0.000427629916273
39.6190001848 0.000430498192205
39.719839222 0.000433496262793
39.8130284807 0.000436717628235
39.9143569 0.000437049512004
39.9674244703 0.000438783093576
40.0627754791 0.000441921804135
40.1762877926 0.000444040606843
40.2131048324 0.000447983249405
40.4035719443 0.000449840939772
40.5345863125 0.000451450817862
40.6054029326 0.000452873982904
40.6979706649 0.000455574477825
40.7601620756 0.000461054575791
40.819995093 0.000462780242291
40.9038074064 0.000467292807783
40.9914235433 0.000468547196135
41.1421865751 0.000473868173108
41.2947678278 0.000478172581171
41.3242067435 0.000478983854325
41.4944325548 0.000482573962417
41.6027353016 0.000486499039628
41.6572863938 0.000489110374045
41.7505418264 0.000492867495974
41.8893964629 0.00049617461024
41.9307271719 0.000502027770793
42.0736470058 0.000504302802671
42.1267922205 0.000506715266624
42.1651590501 0.000510592819611
42.2798447561 0.000512504412951
42.4562803106 0.000518180883161
42.5548957905 0.000520244136185
42.6041234278 0.000523508018058
42.7155666289 0.000525677489464
42.8277537297 0.000528371545056
42.9620347915 0.000530093026344
43.0304550813 0.000535018906403
43.0771075911 0.000539390572963
43.2218726097 0.000543329062768
43.3309663537 0.000546732418306
43.3910987312 0.000547162948974
43.4097019918 0.000548362932094
43.5306439852 0.000552217309894
43.6043672663 0.000556386039395
43.6742517685 0.000564068718302
43.6989833639 0.000565771443006
43.7362149835 0.000569273564499
43.9356605346 0.000570917792068
44.0154715547 0.000577394394754
44.0995394097 0.000580331206943
44.2359143921 0.000585777545069
44.2736275334 0.000586236629118
44.3849920958 0.000589490986406
44.4660060531 0.000591244604864
44.7097449724 0.000595773559564
44.7201288762 0.000604295368081
44.8572562238 0.000605771063629
44.9758200737 0.000610416222963
45.0484287403 0.000611631960506
45.1930046369 0.00061712162172
45.3384572356 0.000621150699549
45.4178950742 0.000627332493763
45.4656238891 0.000631338821062
45.5142413865 0.000635012412435
45.6498768527 0.000639414116865
45.706641739 0.000642158408356
45.7353053361 0.000643686699385
45.8184029671 0.000649267271038
45.8470972526 0.000655356037842
45.9655597908 0.000658767767426
46.0364272383 0.00066272833376
46.2079419356 0.00066831412463
46.2454708625 0.000671739896636
46.3730755383 0.000675132399935
46.5212330888 0.000683854392044
46.6649944022 0.000687755524746
46.7248405818 0.000690360365573
46.7771105567 0.000698413525575
46.8764344469 0.000702911644682
46.9969802921 0.000705046020956
47.0303550214 0.000708554123743
47.1702250481 0.000711446748602
47.2468466527 0.000718818588768
47.3188177958 0.000721471583802
47.4101365781 0.000726865205745
47.5540086757 0.000731289876951
47.5665873612 0.000735643318933
47.6500965357 0.000738663216768
47.7696508744 0.000744113943979
47.8657929337 0.000745756413504
48.125029719 0.000753329471083
48.1750371682 0.000756759296156
48.2047527829 0.000762490547344
48.3331517807 0.000765355933663
48.4581532612 0.000774922241223
48.5562097528 0.000776865087998
48.7002302797 0.00078322552602
48.7276058928 0.000783931768495
48.7490101381 0.00078775626219
48.9534516286 0.000794608918197
49.0212172138 0.000798475747958
49.0542996579 0.000803979236328
49.1953058443 0.000811190858449
49.2523406174 0.000814961343264
49.3064049846 0.00082323682825
49.3955358452 0.000826752883665
49.4323207977 0.00083437901337
49.5488745743 0.000843377444008
49.6898568057 0.00084459037762
49.8084106733 0.000852522795848
49.8392026988 0.000853736169187
49.959981847 0.000860946013815
50.0845226685 0.000867325144247
50.1812969469 0.000868841949205
50.2059349571 0.000878638601072
50.3518535556 0.00088131208376
50.4269112631 0.000888908759558
50.5862908569 0.00089588365182
50.6031436183 0.000904699331617
50.7855783 0.000912315498215
50.8146302454 0.000912707453963
50.8506642247 0.000921873244551
51.0705589819 0.000926269366304
51.2121844212 0.000933508619345
51.3529225283 0.000936396546895
51.4534236437 0.000942022552136
51.486387057 0.000951425141335
51.5472213811 0.000957824051049
51.6762682081 0.000968631709261
51.7501349977 0.000969581936167
51.7700424038 0.000977148596446
51.806667359 0.000979586188863
51.9669911385 0.000988127285654
52.1172632147 0.0009944350645
52.146517812 0.00100572785503
52.2245444425 0.00101542783823
52.4232327789 0.00101943117259
52.4488573131 0.00102886977622
52.5559135451 0.0010353856388
52.6805321374 0.0010418661423
52.8675509525 0.00104764351918
52.9149220283 0.00105486065884
53.0758753537 0.00106154225884
53.2024956312 0.00106738893368
53.2324239339 0.00107139493991
53.3762455729 0.00108219120933
53.416281414 0.00108492623893
53.5495586792 0.00109868387468
53.6105977492 0.00110619993905
53.6563063984 0.00110785477304
53.7383690653 0.00112055959231
53.8640358063 0.00112586394254
53.9242474945 0.00113090787355
54.1012736898 0.00113354295109
54.1722421229 0.00114898606426
54.3851656089 0.00115487878497
54.4434642 0.00116242313695
54.4703222865 0.00116618482705
54.7221035714 0.00117755545048
54.7344485871 0.00118034274362
54.8253323551 0.00118570104935
54.9273617477 0.00119499488437
54.9965669584 0.00120988517121
55.136705384 0.00121698382541
55.2612414352 0.00122575647403
55.3446802558 0.00123088757144
55.4034635188 0.00124495593734
55.4380187176 0.00124707501089
55.5436351849 0.00126897188175
55.615603934 0.00126952468171
55.7951498042 0.00128056784954
55.8535029722 0.00128809435244
55.9280246145 0.00128995123892
56.0407204582 0.00130339953965
56.1653735265 0.00130595632044
56.2059255979 0.00131817012819
56.3676832104 0.00132637219843
56.4384428521 0.0013304384974
56.4531699993 0.00135026335836
56.5380845824 0.00135856928437
56.6883136053 0.00136440103722
56.8058645734 0.00137559627361
56.85172877 0.00138106798624
57.0522085832 0.00139662084414
57.2744174006 0.00140604254284
57.2882752549 0.0014140902648
57.3335887108 0.00142836596734
57.4943552402 0.00143905726346
57.6037723681 0.00144854530228
57.6920536917 0.00145535154877
57.8250826696 0.00146473161984
57.8763213505 0.00146874454927
57.9530688753 0.00148123723349
58.1545818867 0.00149429933966
58.2745184714 0.00150926011541
58.4046753396 0.00152694379009
58.5252152044 0.00152980159519
58.5474133629 0.00154372549667
58.6550770095 0.0015527027601
58.6865040617 0.00156259684809
58.8405128197 0.00157630989637
58.958393466 0.00159427267361
59.0584128468 0.00160242663115
59.1605026827 0.00161137133356
59.2026916312 0.00162145698532
59.2714781647 0.0016214935223
59.5196674053 0.00164561603515
59.5687967474 0.00165716014721
59.621648342 0.001682276497
59.7562670192 0.00168294644064
59.9249682476 0.00169900636748
59.9660796101 0.00170133655185
59.975573286 0.00172252837748
60.0901521093 0.00172903417347
60.29172787 0.00173578691581
60.3444875415 0.00174706787936
60.3814076854 0.00176407069156
60.4938829785 0.00179394489343
60.551314589 0.00179995318174
60.6511109046 0.00181429108485
60.7390058865 0.00183041720374
60.8088499796 0.00185658917502
60.8368965068 0.00186229723636
60.9551164042 0.00186856093759
61.1552292706 0.00188316148774
61.2976665429 0.00189471508634
61.3769872662 0.00191254982095
61.475634717 0.00193052565223
61.5669643383 0.00193714686533
61.660979932 0.00194663371418
61.7444280846 0.00196209591424
61.7832979497 0.00196828319855
61.9613686116 0.00198930084146
62.0423304461 0.00199633533099
62.1886888815 0.00201797429862
62.2759979916 0.00202366407175
62.3848138217 0.00204674078823
62.4308616773 0.00206638113086
62.5253116628 0.00208317078871
62.6400742789 0.00208899526868
62.8266195946 0.00210473732583
62.9274590381 0.00210804385286
62.9527787616 0.00214201942557
62.9797651665 0.00215218163249
63.0453818429 0.00217474594361
63.2108937828 0.00218121305534
63.4991598273 0.00218591315699
63.6358046285 0.00222619865811
63.6774370017 0.00224074551826
63.7204520346 0.00224811670842
63.7860281244 0.00226115174945
63.9397545207 0.00226602003915
64.0022878298 0.0023141572238
64.1560394395 0.00233224937494
64.353329332 0.00235048836014
64.4162021331 0.00238204881333
64.4903320002 0.00238520425335
64.5515350894 0.00240252596112
64.5799404218 0.002424061854
64.7201922426 0.00244591557296
64.8427270368 0.00245611256269
64.9694380949 0.00248271455363
64.990177943 0.00249479837862
65.1211932754 0.00251187624639
65.1562133878 0.0025370083886
65.3971284457 0.00257854173086
65.485921433 0.00259544931256
65.5220386575 0.00261662861168
65.7357831091 0.00263698048375
65.9659887419 0.00266893702597
65.9953015029 0.0026776562389
66.2613732677 0.0026806896891
66.3583168529 0.00273734982193
66.3652462789 0.00275013085661
66.4169696648 0.00277777263443
66.5324346483 0.00280186550585
66.7002148931 0.00280858230122
66.7531831374 0.002835357114
66.9587166743 0.00287382571408
67.0913864409 0.0029234414559
67.1184253483 0.00293240238281
67.1322275922 0.00294319556504
67.2536175888 0.00297911337049
67.4987175103 0.00301901424422
67.5293492103 0.00303283757469
67.6651252702 0.00306695222957
67.7055319233 0.00307556377657
67.802500423 0.00310734469329
67.9648152495 0.00313528127462
68.0341163293 0.0031787862555
68.0969615754 0.00318724439978
68.241972603 0.00321613334894
68.2821693534 0.00326702839545
68.431884389 0.00329611950898
68.5605830573 0.00330532045271
68.6225437221 0.00333836342218
68.7158993529 0.00335778540005
68.8952878957 0.00339188840628
69.0333073644 0.00340818451119
69.1111941694 0.00346572794073
69.2542364411 0.00350219042784
69.3884867754 0.00352939171558
69.5278686965 0.00355310069014
69.6300486415 0.00359355194258
69.729084003 0.00360691348264
69.8086976451 0.00364250125678
69.9947097138 0.00364832719183
70.033301045 0.00370085142913
70.1334781963 0.00377960218503
70.2717878942 0.00378138697874
70.4114584825 0.00381293369977
70.5406418117 0.00383375599177
70.6261300842 0.00386058768942
70.812111655 0.00388978537273
70.9189445477 0.00392318618197
70.9708245036 0.00399860320797
71.2157952905 0.00404532529406
71.3564410506 0.00408133496648
71.4691553188 0.00411503417038
71.52675964 0.00414373320213
71.6844026555 0.0041992609747
71.7963644385 0.00421064156902
71.904238325 0.00427823563451
72.0625574452 0.00433131190623
72.1145652633 0.00436094836572
72.1718245059 0.00441385411048
72.2645189757 0.00444504366932
72.3826242345 0.00449820472442
72.5029385069 0.004530597713
72.6839308651 0.00458412557371
72.7088098353 0.00462973006441
72.8558115592 0.00465513046882
72.9477376264 0.00471187145853
73.1676770195 0.00478678879694
73.1726555267 0.0048401884029
73.3589575172 0.00486237210739
73.4582405918 0.00491251651513
73.5139370175 0.00494818164108
73.5958593225 0.00504253638449
73.6877517285 0.00507742205873
73.9239910444 0.00512937823584
74.0376595715 0.00514512333256
74.1060218591 0.00520435573539
74.3121036651 0.00526043659649
74.3690215446 0.00531336060949
74.4600930278 0.0053513693046
74.6079761298 0.00540573887121
74.6246994441 0.00550992589736
74.7224553059 0.00557846426208
74.9099460092 0.00562567004979
75.1018724008 0.00571851498373
75.1387971178 0.00572783626081
75.2276031692 0.00579219664331
75.3442808848 0.00586121554115
75.5381812385 0.00590815419879
75.6073312277 0.00602155592079
75.789834463 0.00610294862812
76.1248775884 0.00611785999531
76.1917825637 0.0061348129895
76.2441358851 0.00632355730329
76.28579474 0.00640116969543
76.4128078537 0.0064743224213
76.4300567348 0.00656560767262
76.6311569885 0.00668036453244
76.8424490935 0.00671933427305
76.9131826218 0.00676013880708
77.0017440437 0.00680239106207
77.108090939 0.00684782596882
77.1914834133 0.00696906478019
77.3900211846 0.00707154266343
77.4404136329 0.00719940501694
77.559697127 0.0072424928929
77.7291237475 0.00735501819634
77.7708649559 0.0074836041514
77.8706830407 0.00755950614645
78.0511962137 0.00768806890657
78.1078959701 0.00779596390115
78.3118492162 0.00787091079778
78.5185844588 0.00791771526059
78.5874314978 0.0079853475513
78.6976045851 0.00813355884755
78.9014637574 0.00823827880005
78.9567908693 0.00836873524091
79.1078645463 0.00840424468147
79.1901282421 0.00851827362743
79.2640289127 0.00877622592967
79.4236129273 0.00882754654429
79.4904821555 0.00890709430275
79.6192790307 0.00896453307561
79.7702831942 0.00907750516872
79.9978012944 0.00909713043169
80.1102292089 0.00932477532072
80.1548888887 0.00943099563248
80.3038347181 0.00955953742016
80.4493364719 0.00966352936225
80.4958445321 0.00988647008317
80.8206951865 0.00994915202022
81.001963983 0.0100913011473
81.1062406839 0.0102702534215
81.3205458376 0.0103794274701
81.3911342886 0.0104499871539
81.5145075811 0.0108210809918
81.6120802132 0.0109496443338
81.8003081351 0.0111145210027
81.8469370333 0.0113367429846
82.0031011282 0.0114478541015
82.0248312752 0.0116035962871
82.3189037572 0.0118668882229
82.4469555316 0.0119982033078
82.5718187983 0.0120899049936
82.6706429505 0.0122979124438
82.843535899 0.0127003732818
82.9300199172 0.0128041427623
82.994438057 0.0129492193724
83.1956863784 0.0132676669633
83.2922040047 0.0133464530375
83.4556636645 0.0136180828585
83.5800024358 0.013924100125
83.7847941759 0.0143209071411
83.8863435621 0.0143515891029
83.9883477406 0.0145393681692
84.1684499394 0.0150516555491
84.2230454304 0.0151851741171
84.3097578346 0.0154198466909
84.5003951707 0.0155620533201
84.6510056422 0.0156476931069
84.657065478 0.0161902011722
84.9360628712 0.0163850322876
85.1007563429 0.0165662228054
85.2951347791 0.0169001155966
85.4258588654 0.0172222743134
85.5979638504 0.0174206466528
85.6831929626 0.0175997656998
85.8208128446 0.0178224957212
85.9879944923 0.0185897894405
86.2027115232 0.0186938657325
86.3442269271 0.0189916753177
86.4394228589 0.0194863524684
86.5093253657 0.0201361872035
86.6756727947 0.0204157659809
86.8329437698 0.0205190224161
86.9169159256 0.0209529950083
87.0820739825 0.0217551012166
87.1574232951 0.0217928347609
87.3202705782 0.0220153050517
87.4165686767 0.0222656786673
87.518323061 0.0232094497945
87.7664585637 0.0237428634661
87.9402563219 0.0242014170543
87.9925155735 0.0250752622216
88.1968215668 0.0251492206431
88.3437370513 0.0260016496818
88.4323096862 0.0261687637733
88.5898406284 0.0267326576874
88.7325039749 0.0282387982658
88.969416118 0.0283017266419
89.0278343558 0.029200422272
89.1089130599 0.030154093703
89.2754174 0.0306606649261
89.511759683 0.0310897011224
89.5722771998 0.0315347688077
89.7091797282 0.0327550618577
89.9248733977 0.0335380803407
90.1456586209 0.0339312184275
90.2439718318 0.0347194068425
90.4111595423 0.0359247831158
90.5221031473 0.0373469936487
90.7353038009 0.0382055080274
90.8383123165 0.0388423364256
90.9110955661 0.0403677989098
91.1324648273 0.041784660771
91.3358427101 0.0429254721872
91.5555849467 0.0434729649079
91.6924986951 0.0440243121188
91.9155300677 0.0449113883363
92.0295742814 0.046524114176
92.0776981024 0.0489516667208
92.2477856426 0.0500263652954
92.4464009742 0.0532092612086
92.5433673818 0.0533850029539
92.6715605612 0.0547449669177
92.9279333558 0.0555621339265
93.2294179718 0.0570715348722
93.441683765 0.0596578200585
93.5182608255 0.0622789655298
93.6869396403 0.0647805450476
93.8016090524 0.0667615741351
93.8892232069 0.0671632071086
93.9220383197 0.0718921588338
94.2404742193 0.0737249179143
94.3495642936 0.0759611643881
94.640011549 0.0780754070002
94.7933593377 0.0794567248905
94.9222593026 0.0874465607735
95.0651654566 0.0880876571888
95.3409446388 0.0898478186135
95.5233498448 0.0954081148372
95.6723055698 0.0975560092631
95.9186885472 0.102699284046
96.1188765574 0.107756844607
96.2721753403 0.112974936775
96.3597162303 0.12003818541
96.5630633684 0.12473201622
96.7801077346 0.129024988156
96.9639085745 0.131293399661
97.2112646961 0.144510442145
97.3760623779 0.146217668623
97.4836201106 0.155848558647
97.7617560933 0.162154077588
98.0296286883 0.187302716555
98.2319520247 0.201950334107
98.3973674745 0.208364790704
98.4649658467 0.212048418438
98.8221979194 0.224600497221
99.0821557998 0.239153224145
99.1619683612 0.261769409956
99.2868288051 0.277618042779
99.6288772714 0.314350271835
99.7027657561 0.328566002859
99.8721809767 0.35567562234
100.098661553 0.371891243789
100.370437333 0.384340616976
100.66558441 0.455566733808
100.837538093 0.486145053727
101.197239599 0.500565749288
101.296627838 0.594087236311
101.415974171 0.621216614207
101.66398134 0.674693030956
102.008579801 0.800748538843
102.268662454 0.939356026966
102.42649217 1.13219825563
102.962368601 1.19733588646
103.153198401 1.30763876117
103.577151052 1.54435931903
103.83707136 1.80350417007
104.033818644 1.8978816974
104.690700913 2.4417848025
104.800573273 3.797643692
105.309328054 5.33410603667
105.580766693 7.49265247909
105.816221674 9.3741831897
106.478442807 13.5909920011
107.865925595 27.5031491326
108.186587153 79.075955704
108.380420216 559.93692217
1938.89406509 995314.194431
