H w z
9.5111881487e+13 99999999.0 2.0
648.686433098 113.494780372 1.99999982719
327.044834352 71.8547746013 1.99999931767
218.838405614 54.8395598604 1.99999847374
164.489855328 45.2107419056 1.99999729614
131.788263434 38.8903400915 1.99999578528
109.943807587 34.3680155139 1.99999394141
94.3173531394 30.9437026801 1.99999176472
82.5838067828 28.2446389736 1.99998925532
73.4490726379 26.0525304427 1.99998641331
66.1355537624 24.2303208465 1.99998323876
60.1478076492 22.6872413097 1.99997973171
55.1551835261 21.3605812359 1.99997589221
50.9285737975 20.2055079747 1.99997172028
47.3042027545 19.189044378 1.99996721592
44.1618857101 18.2863458281 1.99996237915
41.4114280449 17.4783074749 1.99995720997
38.9838171977 16.7499755625 1.99995170836
36.8253525876 16.0894646171 1.99994587431
34.8936195424 15.4871978096 1.9999397078
33.1546723076 14.9353648588 1.99993320881
31.5810206383 14.4275270919 1.99992637729
30.1501650984 13.9583249472 1.99991921322
28.8435130998 13.5232576701 1.99991171657
27.6455640248 13.1185147587 1.99990388727
26.5432958984 12.7408479086 1.99989572529
25.5256869721 12.3874688459 1.99988723058
24.5833452262 12.0559692578 1.99987840307
23.7082194452 11.7442578041 1.99986924272
22.8933668218 11.4505083721 1.99985974945
22.1327691184 11.1731188949 1.9998499232
21.4211838087 10.9106775324 1.99983976391
20.7540228031 10.661934754 1.99982927149
20.1272536204 10.4257803874 1.99981844588
19.5373162656 10.201223853 1.99980728699
18.9810588893 9.98737933835 1.99979579475
18.4556782421 9.78345106239 1.99978396906
17.9586744051 9.58872257263 1.99977180984
17.487810037 9.40254663328 1.99975931699
17.0410769375 9.22433699294 1.99974649043
16.6166677757 9.05356138762 1.99973333004
16.2129509619 8.8897351157 1.99971983575
15.8284505184 8.73241605164 1.99970600743
15.4618272781 8.58119971893 1.99969184498
15.1118639268 8.43571552248 1.9996773483
14.777451096 8.2956230696 1.99966251727
14.4575759552 8.16060923045 1.99964735177
14.1513117161 8.03038532681 1.9996318517
13.8578084008 7.90468462965 1.99961601692
13.5762855861 7.78326050903 1.99959984732
13.3060255105 7.66588458175 1.99958334277
13.0463662756 7.5523447521 1.99956650314
12.7966968714 7.44244391559 1.99954932829
12.5564526413 7.33599875355 1.9995318181
12.3251104719 7.23283830906 1.99951397243
12.1021852148 7.13280302118 1.99949579113
11.8872265645 7.03574389334 1.99947727407
11.6798156504 6.94152146792 1.9994584211
11.4795624013 6.85000508884 1.99943923207
11.2861033076 6.76107229645 1.99941970683
11.0990990154 6.6746081003 1.99939984523
10.9182323434 6.59050440397 1.99937964711
10.7432066332 6.50865954911 1.99935911232
10.5737440382 6.4289777991 1.9993382407
10.4095840101 6.35136888543 1.99931703207
10.2504820865 6.27574766945 1.99929548628
10.0962086201 6.20203375489 1.99927360315
9.94654758842 6.13015111563 1.99925138253
9.80129562092 6.06002780842 1.99922882422
9.66026113939 5.99159572348 1.99920592807
9.52326367988 5.92479040862 1.99918269388
9.39013282354 5.85955068927 1.99915912148
9.26070757891 5.79581849382 1.99913521069
9.13483574458 5.73353865865 1.99911096132
9.01237343778 5.67265880511 1.99908637317
8.89318442638 5.61312910997 1.99906144607
8.77713960153 5.55490213588 1.99903617982
8.66411653771 5.49793269751 1.99901057422
8.55399910608 5.44217774752 1.99898462907
8.44667710297 5.38759626395 1.99895834418
8.34204578442 5.3341490836 1.99893171934
8.24000556403 5.28179881216 1.99890475435
8.14046170392 5.23050972609 1.998877449
8.04332407582 5.18024770598 1.99884980308
7.94850681909 5.13098011245 1.99882181638
7.85592809772 5.08267570877 1.99879348869
7.76550987087 5.03530458683 1.99876481979
7.6771777038 4.98883811098 1.99873580946
7.59086055085 4.94324884416 1.99870645748
7.50649054056 4.89851047202 1.99867676363
7.42400281065 4.85459775045 1.99864672768
7.34333535277 4.81148645596 1.9986163494
7.2644288816 4.76915334689 1.99858562857
7.18722663546 4.72757608566 1.99855456496
7.11167425888 4.6867332027 1.99852315832
7.03771967632 4.64660405391 1.99849140843
6.96531297177 4.60716877943 1.99845931505
6.89440629415 4.568408275 1.99842687794
6.82495379915 4.53030418186 1.99839409684
6.75691145665 4.49283880169 1.99836097153
6.69023698919 4.45599508159 1.99832750175
6.62488978842 4.41975658591 1.99829368725
6.56083083222 4.38410746738 1.99825952779
6.49802261636 4.34903244518 1.9982250231
6.43642911113 4.31451679612 1.99819017294
6.3760156373 4.28054629978 1.99815497706
6.31674881835 4.24710722515 1.99811943518
6.25859652188 4.21418631052 1.99808354705
6.2015278014 4.18177074281 1.99804731241
6.1455128469 4.14984814109 1.99801073099
6.09052295438 4.11840655045 1.99797380252
6.03653043989 4.08743440337 1.99793652674
5.9835086038 4.05692050919 1.99789890338
5.93143168924 4.02685403957 1.99786093217
5.88027484024 3.99722451339 1.99782261282
5.83001406544 3.96802178426 1.99778394507
5.78062621545 3.93923603557 1.99774492864
5.73208892317 3.91085775358 1.99770556324
5.68438057654 3.8828777188 1.9976658486
5.63748028829 3.85528699531 1.99762578443
5.59136786544 3.82807691948 1.99758537045
5.54602378226 3.80123909047 1.99754460636
5.50142916321 3.77476536626 1.99750349189
5.45756574071 3.74864784446 1.99746202674
5.41441583404 3.72287885529 1.99742021062
5.37196232709 3.6974509536 1.99737804324
5.33018864576 3.67235691043 1.99733552429
5.28907873813 3.64758970593 1.99729265349
5.24861706413 3.62314252783 1.99724943053
5.20878855878 3.59900875375 1.99720585512
5.1695786178 3.57518194666 1.99716192695
5.13097308156 3.5516558492 1.99711764572
5.0929582181 3.52842437722 1.99707301111
5.05552070676 3.50548161352 1.99702802284
5.01864762268 3.48282180192 1.99698268058
4.98232642278 3.46043934205 1.99693698404
4.94654495035 3.43832879555 1.99689093288
4.91129139849 3.41648486669 1.99684452682
4.87655429608 3.3949023967 1.99679776552
4.84232250136 3.37357636263 1.99675064867
4.80858519004 3.35250187275 1.99670317596
4.77533184392 3.3316741621 1.99665534707
4.74255223997 3.31108858824 1.99660716167
4.71023643992 3.29074062715 1.99655861945
4.67837478934 3.27062587513 1.99650972008
4.64695790197 3.25074004115 1.99646046323
4.61597664271 3.23107893834 1.99641084859
4.58542212451 3.2116384841 1.99636087582
4.55528569995 3.19241469675 1.9963105446
4.52555895308 3.17340369232 1.99625985459
4.49623369164 3.15460168145 1.99620880547
4.46730193953 3.13600496636 1.9961573969
4.43875593354 3.11760994053 1.99610562855
4.41058811821 3.09941308711 1.99605350008
4.382791129 3.08141096969 1.99600101116
4.35535779099 3.06360023298 1.99594816145
4.32828111286 3.04597760043 1.99589495062
4.30155428094 3.02853987182 1.99584137831
4.2751706536 3.01128392102 1.9957874442
4.2491237557 2.99420669369 1.99573314793
4.22340727478 2.97730520611 1.99567848917
4.19801505975 2.96057654562 1.99562346758
4.17294110795 2.9440178633 1.9955680828
4.14817956336 2.927626374 1.99551233449
4.12372471253 2.91139935475 1.9954562223
4.09957098022 2.89533414299 1.99539974588
4.07571292519 2.87942813482 1.99534290489
4.05214523616 2.86367878336 1.99528569898
4.02886272827 2.84808359736 1.99522812779
4.00586034274 2.83264014196 1.99517019096
3.9831331381 2.81734603377 1.99511188816
3.9606762876 2.80219893998 1.99505321901
3.93848507656 2.78719657748 1.99499418318
3.91655489911 2.77233671146 1.99493478029
3.89488125501 2.75761715415 1.99487501
3.87345974662 2.74303576347 1.99481487194
3.85228607606 2.72859044192 1.99475436576
3.83135604567 2.71427913764 1.9946934911
3.81066555128 2.70009984054 1.99463224759
3.79021057889 2.68605058069 1.99457063488
3.76998720349 2.67212942824 1.9945086526
3.74999158659 2.65833449232 1.99444630039
3.73021997383 2.64466392007 1.99438357789
3.71066869261 2.63111589559 1.99432048474
3.69133414989 2.61768863904 1.99425702056
3.67221282999 2.60438040566 1.99419318499
3.65330129247 2.5911894849 1.99412897767
3.63459617013 2.57811419954 1.99406439823
3.61609417217 2.56515290846 1.9939994463
3.5977920776 2.55230400253 1.99393412152
3.5796867301 2.53956590159 1.99386842351
3.56177503936 2.52693705574 1.9938023519
3.54405397932 2.51441594465 1.99373590633
3.52652058646 2.50200107681 1.99366908642
3.50917195821 2.48969098884 1.99360189181
3.49200525136 2.47748424478 1.99353432211
3.47501768051 2.46537943541 1.99346637697
3.45820651662 2.45337517767 1.993398056
3.44156908552 2.44147011395 1.99332935883
3.42510276906 2.42966291331 1.9932602851
3.40880500252 2.41795227004 1.99319083442
3.39267326994 2.40633690065 1.99312100642
3.37670510507 2.39481554492 1.99305080073
3.36089809019 2.38338696537 1.99298021697
3.34524985486 2.37204994672 1.99290925476
3.32975807479 2.36080329537 1.99283791374
3.31442047068 2.34964583892 1.99276619351
3.29923480714 2.33857642568 1.99269409372
3.28419889163 2.32759392417 1.99262161397
3.2693105734 2.31669722268 1.9925487539
3.25456774382 2.30588522979 1.99247551312
3.23996833558 2.29515687407 1.99240189127
3.2255103186 2.28451110135 1.99232788795
3.21119170082 2.27394687559 1.99225350279
3.19701052736 2.26346317845 1.99217873542
3.18296487964 2.25305900898 1.99210358545
3.16905287453 2.24273338316 1.99202805251
3.15527266351 2.23248533358 1.99195213621
3.1416224319 2.22231390905 1.99187583618
3.12810039805 2.21221817425 1.99179915205
3.11470481259 2.20219720943 1.99172208342
3.10143395839 2.19225011049 1.99164462993
3.08828615043 2.18237598924 1.99156679118
3.07525973269 2.17257397116 1.99148856681
3.0623530786 2.16284319601 1.99140995643
3.04956459046 2.15318281755 1.99133095967
3.0368926988 2.14359200326 1.99125157614
3.02433586177 2.13406993406 1.99117180546
3.01189256446 2.12461580401 1.99109164726
2.99956131841 2.11522882004 1.99101110116
2.98734066092 2.10590820173 1.99093016677
2.97522915459 2.09665318096 1.99084884372
2.96322538701 2.08746300201 1.99076713163
2.95132797102 2.07833692181 1.99068503012
2.93953554233 2.0692742083 1.99060253881
2.92784675972 2.06027414078 1.99051965732
2.91626030471 2.05133600977 1.99043638528
2.90477488099 2.04245911671 1.9903527223
2.89338921404 2.03364277385 1.99026866801
2.8821020506 2.02488630393 1.99018422202
2.87091215825 2.01618904005 1.99009938397
2.85981832497 2.00755032543 1.99001415347
2.84881935873 1.99896951322 1.98992853015
2.8379140873 1.99044596647 1.98984251363
2.82710135872 1.9819790587 1.98975610354
2.81638003899 1.97356817213 1.98966929948
2.80574901235 1.96521269805 1.9895821011
2.79520718105 1.95691203679 1.98949450802
2.78475346504 1.94866559752 1.98940651985
2.77438680154 1.94047279811 1.98931813623
2.76410614476 1.93233306494 1.98922935678
2.75391046549 1.92424583276 1.98914018112
2.74379875083 1.91621054449 1.98905060888
2.73377000383 1.90822665114 1.9889606397
2.72382324318 1.90029361158 1.98887027318
2.71395750287 1.89241089243 1.98877950897
2.70417183196 1.88457796793 1.9886883467
2.69446529421 1.87679431976 1.98859678598
2.68483696832 1.86905943733 1.98850482645
2.67528594896 1.8613728187 1.98841246773
2.66581134325 1.85373396783 1.98831970947
2.65641227174 1.84614239546 1.98822655128
2.6470878684 1.83859761922 1.9881329928
2.63783728032 1.8310991634 1.98803903365
2.62865966752 1.82364655895 1.98794467348
2.61955420263 1.81623934326 1.98784991192
2.61052007073 1.8088770601 1.98775474859
2.60155646905 1.80155925951 1.98765918314
2.59266260675 1.79428549764 1.98756321519
2.58383770475 1.7870553367 1.98746684438
2.57508099543 1.77986834482 1.98737007035
2.56639172248 1.77272409593 1.98727289273
2.55776914065 1.7656221697 1.98717531117
2.54921251595 1.75856215173 1.98707732529
2.54072112605 1.75154363396 1.98697893475
2.53229425821 1.74456621304 1.98688013917
2.5239312099 1.73762949088 1.98678093819
2.51563128874 1.7307330747 1.98668133147
2.50739381228 1.72387657687 1.98658131863
2.49921810783 1.71705961485 1.98648089933
2.49110351229 1.71028181113 1.9863800732
2.48304937198 1.70354279309 1.98627883989
2.47505504246 1.69684219297 1.98617719905
2.46711988839 1.69017964775 1.98607515032
2.45924328332 1.68355479911 1.98597269334
2.45142460959 1.6769672933 1.98586982776
2.44366325812 1.67041678111 1.98576655324
2.43595862833 1.66390291777 1.98566286942
2.42831012819 1.65742536313 1.98555877595
2.4207171745 1.6509837819 1.98545427249
2.41317919147 1.64457784249 1.98534935868
2.40569561114 1.63820721743 1.98524403417
2.39826587335 1.63187158341 1.98513829862
2.39088942553 1.62557062114 1.98503215169
2.38356572267 1.6193040153 1.98492559303
2.37629422708 1.61307145452 1.9848186223
2.36907440835 1.60687263126 1.98471123915
2.36190574318 1.60070724178 1.98460344325
2.3547877153 1.59457498608 1.98449523425
2.34771981529 1.58847556782 1.98438661181
2.34070154053 1.58240869429 1.9842775756
2.33373239505 1.57637407634 1.98416812528
2.32681188941 1.57037142829 1.98405826051
2.31993954086 1.56440046815 1.98394798095
2.31311487336 1.55846091764 1.98383728628
2.30633741667 1.55255250145 1.98372617616
2.29960670668 1.54667494759 1.98361465026
2.2929222853 1.54082798728 1.98350270825
2.28628370041 1.53501135497 1.98339034979
2.2796905057 1.52922478826 1.98327757456
2.27314226063 1.52346802784 1.98316438223
2.26663853029 1.51774081748 1.98305077248
2.26017888536 1.51204290394 1.98293674498
2.25376290197 1.50637403694 1.9828222994
2.24739016164 1.50073396915 1.98270743543
2.24106025119 1.49512245609 1.98259215274
2.23477276267 1.48953925612 1.98247645102
2.22852729322 1.48398413039 1.98236032994
2.22232344527 1.47845684296 1.98224378918
2.2161608264 1.47295716081 1.98212682843
2.21003904883 1.46748485334 1.98200944738
2.20395772957 1.46203969258 1.98189164571
2.19791649041 1.45662145314 1.9817734231
2.19191495781 1.45122991222 1.98165477925
2.18595276282 1.44586484953 1.98153571384
2.18002954102 1.44052604727 1.98141622657
2.17414493247 1.4352132901 1.98129631712
2.16829858161 1.42992636506 1.9811759852
2.16249013721 1.42466506162 1.9810552305
2.1567192523 1.41942917156 1.9809340527
2.15098558409 1.41421848898 1.98081245152
2.14528879394 1.40903281028 1.98069042665
2.13962854727 1.40387193407 1.98056797779
2.13400451372 1.3987356614 1.98044510465
2.12841636705 1.39362379566 1.98032180691
2.12286378461 1.38853614211 1.9801980843
2.11734644758 1.38347250814 1.98007393651
2.11186404091 1.37843270326 1.97994936325
2.1064162533 1.37341653901 1.97982436424
2.10100277707 1.368423829 1.97969893918
2.0956233082 1.36345438883 1.97957308778
2.09027754617 1.3585080361 1.97944680975
2.08496519401 1.35358459035 1.97932010482
2.07968595819 1.34868387306 1.97919297269
2.07443954856 1.34380570759 1.97906541308
2.06922567835 1.3389499192 1.97893742572
2.06404406409 1.33411633499 1.97880901032
2.05889442554 1.32930478387 1.9786801666
2.05377648569 1.32451509656 1.9785508943
2.04868997069 1.31974710556 1.97842119312
2.0436346098 1.31500064511 1.9782910628
2.03861013535 1.31027555117 1.97816050308
2.0336162827 1.30557166142 1.97802951366
2.02865279057 1.30088881555 1.9778980943
2.02371940088 1.29622685518 1.97776624471
2.01881585794 1.29158562309 1.97763396463
2.01394190899 1.28696496369 1.9775012538
2.00909730404 1.28236472302 1.97736811196
2.00428179592 1.27778474865 1.97723453884
1.99949514019 1.27322488974 1.97710053418
1.99473709513 1.26868499699 1.97696609772
1.99000742169 1.26416492261 1.97683122921
1.98530588345 1.2596645203 1.9766959284
1.98063224659 1.25518364524 1.97656019502
1.97598627986 1.25072215409 1.97642402883
1.97136775452 1.24627990492 1.97628742957
1.96677644433 1.24185675724 1.976150397
1.96221212551 1.23745257197 1.97601293087
1.9576745767 1.23306721139 1.97587503094
1.95316357894 1.22870053917 1.97573669695
1.9486789156 1.22435242031 1.97559792867
1.94422037241 1.22002272115 1.97545872586
1.93978773737 1.21571130935 1.97531908828
1.935380801 1.21141805409 1.97517901569
1.93099935615 1.20714282597 1.97503850785
1.92664319765 1.20288549658 1.97489756454
1.92231212246 1.19864593877 1.97475618551
1.91800592971 1.19442402664 1.97461437053
1.91372442067 1.19021963549 1.97447211939
1.90946739866 1.18603264184 1.97432943184
1.90523466911 1.18186292342 1.97418630767
1.90102603945 1.17771035912 1.97404274665
1.89684131915 1.173574829 1.97389874855
1.89268031965 1.16945621426 1.97375431316
1.88854285435 1.16535439724 1.97360944026
1.88442873858 1.16126926142 1.97346412963
1.88033778959 1.15720069137 1.97331838105
1.87626982649 1.15314857274 1.97317219432
1.87222467027 1.14911279229 1.97302556921
1.86820214375 1.14509323783 1.97287850552
1.86420207155 1.14108979823 1.97273100304
1.86022428009 1.1371023634 1.97258306157
1.85626859754 1.13313082427 1.97243468089
1.85233485398 1.12917507297 1.9722858608
1.84842288132 1.12523500271 1.97213660111
1.84453251294 1.12131050751 1.9719869016
1.84066358392 1.11740148236 1.97183676209
1.83681593102 1.11350782324 1.97168618238
1.83298939259 1.1096294271 1.97153516227
1.82918380863 1.10576619181 1.97138370156
1.82539902074 1.1019180162 1.97123180007
1.82163487208 1.09808480002 1.97107945761
1.81789120736 1.09426644394 1.97092667399
1.81416787285 1.09046284953 1.97077344902
1.81046471633 1.08667391926 1.97061978252
1.80678158706 1.08289955649 1.9704656743
1.80311833582 1.07913966543 1.9703111242
1.7994748148 1.07539415119 1.97015613202
1.79585087769 1.07166291971 1.97000069759
1.79224637956 1.06794587776 1.96984482073
1.78866117691 1.06424293299 1.96968850127
1.78509512764 1.06055399383 1.96953173905
1.781548091 1.05687896955 1.96937453388
1.77801992774 1.05321777033 1.96921688561
1.77451049997 1.04957030721 1.96905879406
1.77101967103 1.04593649189 1.96890025907
1.76754730556 1.04231623684 1.96874128047
1.76409326951 1.03870945532 1.96858185812
1.76065743008 1.03511606135 1.96842199183
1.75723965577 1.0315359697 1.96826168147
1.75383981631 1.02796909587 1.96810092688
1.75045778266 1.02441535614 1.96793972789
1.74709342701 1.02087466748 1.96777808436
1.74374662275 1.01734694759 1.96761599614
1.74041724448 1.01383211491 1.96745346308
1.73710516795 1.01033008856 1.96729048504
1.73381027008 1.00684078836 1.96712706186
1.73053242895 1.00336413482 1.96696319341
1.72727152378 0.999900049137 1.96679887954
1.72402743488 0.996448453189 1.96663412012
1.72080004371 0.993009269511 1.96646891501
1.71758923281 0.989582421301 1.96630326407
1.71439488579 0.98616783241 1.96613716718
1.71121688743 0.98276542742 1.96597062419
1.7080551236 0.979375131588 1.96580363498
1.70490948111 0.975996870712 1.96563619941
1.70177984785 0.972630571221 1.96546831737
1.69866611269 0.969276160161 1.96529998873
1.69556816554 0.965933565192 1.96513121337
1.6924858973 0.962602714582 1.96496199116
1.68941919987 0.959283537198 1.96479232199
1.68636796611 0.955975962501 1.96462220573
1.68333208986 0.952679920538 1.96445164228
1.68031146593 0.949395341941 1.96428063152
1.67730599003 0.946122157914 1.96410917334
1.67431555886 0.942860300229 1.96393726763
1.67134007 0.939609701223 1.96376491428
1.66837942197 0.93637029379 1.96359211318
1.66543351419 0.933142011372 1.96341886424
1.66250224696 0.929924787959 1.96324516734
1.65958552147 0.926718558079 1.96307102239
1.6566832398 0.923523256794 1.96289642929
1.65379530486 0.920338819694 1.96272138794
1.65092162052 0.917165182983 1.96254589825
1.64806209153 0.914002283411 1.96236996012
1.64521662336 0.910850058144 1.96219357347
1.64238512233 0.907708444857 1.9620167382
1.63956749556 0.904577381725 1.96183945422
1.636763651 0.901456807423 1.96166172145
1.63397349739 0.898346661117 1.96148353981
1.63119694426 0.895246882458 1.96130490921
1.62843390191 0.892157411581 1.96112582957
1.62568428145 0.889078189096 1.96094630082
1.62294799471 0.886009156088 1.96076632288
1.62022495432 0.882950254105 1.96058589567
1.61751507364 0.879901425161 1.96040501911
1.61481826675 0.876862611725 1.96022369315
1.61213444851 0.873833756722 1.96004191771
1.60946353447 0.870814803522 1.95985969272
1.6068054409 0.86780569594 1.95967701811
1.6041600848 0.864806378231 1.95949389383
1.60152738385 0.861816795085 1.95931031981
1.59890725643 0.858836891621 1.95912629599
1.59629962163 0.855866613386 1.95894182231
1.59370439919 0.852905906347 1.95875689871
1.59112150953 0.84995471689 1.95857152515
1.58855087375 0.847012991812 1.95838570157
1.58599241359 0.844080678323 1.95819942791
1.58344605146 0.841157724035 1.95801270413
1.58091171041 0.838244076982 1.95782553018
1.57838931435 0.835339685821 1.95763790602
1.57587878767 0.832444499466 1.9574498316
1.57338005536 0.829558467158 1.95726130688
1.57089304302 0.82668153852 1.95707233182
1.56841767685 0.823813663564 1.95688290638
1.56595388366 0.82095479268 1.95669303052
1.56350159089 0.818104876632 1.95650270421
1.56106072654 0.815263866562 1.95631192743
1.55863121921 0.812431713975 1.95612070012
1.55621299808 0.809608370746 1.95592902228
1.55380599292 0.80679378911 1.95573689386
1.55141013405 0.803987921662 1.95554431485
1.54902535237 0.801190721348 1.95535128522
1.54665157934 0.798402141471 1.95515780495
1.54428874696 0.795622135679 1.95496387401
1.54193678778 0.792850657963 1.9547694924
1.53959563491 0.790087662661 1.95457466009
1.53726522198 0.787333104444 1.95437937706
1.53494548315 0.784586938321 1.95418364331
1.53263635311 0.781849119631 1.95398745882
1.53033776708 0.779119604043 1.95379082359
1.52804966077 0.77639834755 1.9535937376
1.52577197044 0.77368530647 1.95339620086
1.52350463282 0.770980437439 1.95319821334
1.52124758515 0.768283697407 1.95299977507
1.51900076517 0.76559504364 1.95280088602
1.51676411115 0.762914433767 1.95260154621
1.51453756192 0.760241825825 1.95240175563
1.51232105672 0.757577178039 1.9522015143
1.51011453523 0.754920448926 1.95200082222
1.50791793762 0.752271597305 1.95179967939
1.50573120451 0.749630582291 1.95159808583
1.503554277 0.746997363294 1.95139604155
1.50138709663 0.744371900017 1.95119354657
1.49922960542 0.741754152452 1.95099060089
1.49708174581 0.739144080878 1.95078720453
1.49494346072 0.736541645856 1.95058335752
1.49281469346 0.733946808231 1.95037905987
1.49069538783 0.731359529125 1.9501743116
1.48858548803 0.728779769937 1.94996911275
1.48648493869 0.726207492341 1.94976346333
1.48439368488 0.72364265828 1.94955736338
1.48231167207 0.721085229966 1.94935081291
1.48023884616 0.71853516988 1.94914381197
1.47817515346 0.715992440764 1.94893636058
1.47612054068 0.713457005622 1.94872845879
1.47407495494 0.71092882772 1.94852010661
1.47203834375 0.708407870576 1.9483113041
1.47001065504 0.705894097967 1.94810205129
1.4679918371 0.703387473919 1.94789234823
1.46598183864 0.700887962711 1.94768219495
1.46398060874 0.698395528866 1.9474715915
1.46198809685 0.695910137156 1.94726053792
1.46000425289 0.693431752679 1.94704903427
1.45802902713 0.690960340765 1.94683708059
1.45606237016 0.688495866927 1.94662467694
1.45410423297 0.686038296918 1.94641182337
1.45215456687 0.683587596723 1.94619851994
1.45021332356 0.681143732564 1.94598476669
1.44828045509 0.678706670893 1.94577056369
1.44635591387 0.67627637839 1.945555911
1.44443965266 0.673852821966 1.94534080867
1.44253162456 0.671435968756 1.94512525678
1.44063178301 0.669025786117 1.94490925539
1.43874008181 0.666622241629 1.94469280455
1.43685647508 0.664225303094 1.94447590435
1.43498091729 0.661834938527 1.94425855485
1.43311336324 0.659451116163 1.94404075612
1.43125376806 0.657073804449 1.94382250823
1.42940208718 0.654702972044 1.94360381126
1.42755827639 0.65233858782 1.94338466528
1.42572229177 0.649980620853 1.94316507038
1.42389408975 0.64762904043 1.94294502663
1.42207362705 0.645283816041 1.9427245341
1.4202608607 0.642944917378 1.9425035929
1.41845574806 0.640612314338 1.94228220309
1.41665824676 0.638285977015 1.94206036476
1.41486831477 0.635965875701 1.941838078
1.41308591035 0.633651980885 1.94161534291
1.41131099204 0.631344263261 1.94139215956
1.40954351877 0.629042693784 1.94116852806
1.4077834497 0.62674724355 1.9409444485
1.40603074425 0.62445788383 1.94071992097
1.40428536217 0.622174586085 1.94049494557
1.40254726346 0.619897321963 1.9402695224
1.40081640842 0.617626063296 1.94004365155
1.39909275763 0.615360782102 1.93981733314
1.39737627193 0.613101450581 1.93959056726
1.39566691247 0.610848041115 1.93936335403
1.39396464063 0.608600526263 1.93913569353
1.39226941809 0.606358878764 1.93890758589
1.39058120679 0.604123071534 1.93867903121
1.38889996894 0.601893077662 1.9384500296
1.38722566699 0.599668870414 1.93822058118
1.38555826369 0.597450423224 1.93799068606
1.38389772202 0.5952377097 1.93776034436
1.38224400521 0.593030703618 1.93752955618
1.38059707679 0.590829378922 1.93729832166
1.37895690048 0.588633709724 1.9370666409
1.37732344029 0.5864436703 1.93683451404
1.37569666047 0.584259235089 1.9366019412
1.37407652552 0.582080378694 1.93636892249
1.37246300017 0.57990707588 1.93613545804
1.37085604939 0.577739301569 1.93590154799
1.3692556384 0.575577030844 1.93566719247
1.36766173267 0.573420238945 1.93543239159
1.36607429789 0.571268901292 1.9351971455
1.36449330002 0.569122993485 1.93496145433
1.36291870523 0.566982491241 1.93472531821
1.36135047991 0.564847370424 1.93448873728
1.35978859067 0.562717607054 1.93425171169
1.35823300436 0.560593177298 1.93401424156
1.35668368804 0.558474057472 1.93377632704
1.355140609 0.556360224044 1.93353796828
1.35360373476 0.554251653623 1.93329916541
1.35207303302 0.552148322968 1.93305991859
1.35054847175 0.55005020898 1.93282022795
1.34903001909 0.547957288705 1.93258009365
1.34751764342 0.54586953933 1.93233951583
1.34601131331 0.543786938183 1.93209849466
1.34451099756 0.541709462732 1.93185703027
1.34301666515 0.539637090584 1.93161512282
1.34152828531 0.537569799484 1.93137277247
1.34004582742 0.535507567312 1.93112997938
1.3385692611 0.533450372087 1.9308867437
1.33709855616 0.531398191958 1.93064306559
1.3356336826 0.529351005211 1.93039894521
1.33417461064 0.527308790263 1.93015438273
1.33272131067 0.525271525661 1.92990937831
1.33127375328 0.523239190085 1.92966393211
1.32983190927 0.521211762343 1.9294180443
1.32839574961 0.51918922137 1.92917171504
1.32696524547 0.517171546232 1.92892494451
1.32554036823 0.515158716168 1.92867773288
1.32412108947 0.513150710523 1.92843008032
1.32270738092 0.511147508746 1.928181987
1.32129921448 0.509149090407 1.92793345311
1.31989656225 0.507155435198 1.92768447881
1.31849939651 0.505166522936 1.92743506428
1.31710768971 0.503182333555 1.92718520971
1.31572141449 0.501202847112 1.92693491526
1.31434054365 0.499228043782 1.92668418113
1.31296505018 0.497257903857 1.9264330075
1.31159490724 0.495292407747 1.92618139454
1.31023008815 0.493331535979 1.92592934245
1.3088705664 0.491375269194 1.92567685141
1.30751631568 0.489423588148 1.92542392161
1.3061673098 0.487476473712 1.92517055323
1.30482352278 0.485533906868 1.92491674648
1.30348492878 0.48359586871 1.92466250153
1.30215150213 0.481662340445 1.92440781858
1.30082321733 0.479733303387 1.92415269783
1.29950004902 0.477808738963 1.92389713947
1.29818197202 0.475888628706 1.9236411437
1.2968689613 0.473972954258 1.92338471072
1.295560992 0.472061697367 1.92312784072
1.29425803939 0.470154839888 1.9228705339
1.29296007892 0.468252363781 1.92261279047
1.29166708619 0.466354251112 1.92235461063
1.29037903693 0.464460484047 1.92209599457
1.28909590705 0.46257104486 1.92183694252
1.28781767259 0.460685915923 1.92157745467
1.28654430975 0.458805079711 1.92131753123
1.28527579488 0.456928518801 1.92105717241
1.28401210446 0.455056215869 1.92079637842
1.28275321513 0.453188153689 1.92053514947
1.28149910368 0.451324315135 1.92027348577
1.28024974702 0.449464683178 1.92001138754
1.27900512226 0.44760924093 1.91974885499
1.27776520665 0.445757971644 1.91948588835
1.27652997755 0.443910858594 1.91922248783
1.27529941246 0.442067885149 1.91895865365
1.274073489 0.440229034772 1.91869438603
1.27285218495 0.438394291019 1.9184296852
1.27163547821 0.43656363754 1.91816455138
1.27042334682 0.43473705808 1.91789898478
1.26921576896 0.432914536471 1.91763298564
1.26801272292 0.431096056641 1.91736655419
1.26681418715 0.429281602606 1.91709969063
1.26562014021 0.427471158473 1.91683239522
1.2644305608 0.425664708437 1.91656466817
1.26324542776 0.423862236785 1.91629650971
1.26206472003 0.422063727888 1.91602792008
1.26088841669 0.420269166207 1.91575889951
1.25971649697 0.418478536288 1.91548944824
1.25854894017 0.416691822766 1.91521956649
1.25738572578 0.414909010359 1.9149492545
1.25622683335 0.41313008387 1.91467851252
1.2550722426 0.411355028189 1.91440734077
1.25392193335 0.409583828286 1.9141357395
1.25277588555 0.407816469217 1.91386370895
1.25163407924 0.406052936119 1.91359124936
1.25049649463 0.404293214212 1.91331836097
1.249363112 0.402537288797 1.91304504402
1.24823391177 0.400785145255 1.91277129876
1.24710887448 0.399036769048 1.91249712544
1.24598798077 0.397292145719 1.91222252429
1.2448712114 0.395551260887 1.91194749558
1.24375854725 0.393814100253 1.91167203954
1.2426499693 0.392080649593 1.91139615643
1.24154545866 0.390350894762 1.91111984649
1.24044499653 0.388624821692 1.91084310998
1.23934856424 0.386902416391 1.91056594715
1.23825614321 0.385183664951 1.91028835825
1.23716771502 0.383468553592 1.91001034355
1.23608326134 0.381757068565 1.90973190331
1.23500276391 0.380049196188 1.90945303778
1.2339262046 0.378344922851 1.90917374722
1.23285356538 0.376644235016 1.90889403189
1.23178482832 0.374947119222 1.90861389205
1.23071997561 0.373253562076 1.90833332796
1.22965898951 0.37156355026 1.90805233989
1.22860185242 0.369877070528 1.90777092809
1.22754854681 0.368194109701 1.90748909284
1.22649905528 0.366514654676 1.9072068344
1.22545336051 0.364838692416 1.90692415303
1.22441144529 0.363166209954 1.906641049
1.22337329249 0.361497194395 1.90635752258
1.22233888511 0.359831632909 1.90607357404
1.22130820621 0.358169512737 1.90578920365
1.22028123899 0.356510821185 1.90550441168
1.21925796671 0.354855545629 1.9052191984
1.21823837274 0.35320367351 1.90493356409
1.21722244054 0.351555192336 1.90464750901
1.21621015368 0.34991008968 1.90436103345
1.21520149579 0.348268353182 1.90407413768
1.21419645062 0.346629970546 1.90378682198
1.21319500201 0.34499492954 1.90349908661
1.21219713388 0.343363217997 1.90321093187
1.21120283026 0.341734823814 1.90292235803
1.21021207523 0.34010973495 1.90263336537
1.20922485302 0.338487939428 1.90234395417
1.20824114789 0.336869425333 1.90205412472
1.20726094422 0.335254180811 1.90176387729
1.20628422647 0.333642194072 1.90147321217
1.2053109792 0.332033453384 1.90118212965
1.20434118702 0.330427947079 1.90089063
1.20337483468 0.328825663547 1.90059871352
1.20241190696 0.327226591238 1.90030638049
1.20145238878 0.325630718697 1.90001363121
1.20049626513 0.324038034519 1.89972046597
1.19954352107 0.322448527338 1.89942688506
1.19859414174 0.320862185846 1.89913288877
1.19764811237 0.319278998795 1.89883847739
1.19670541826 0.317698954991 1.89854365122
1.1957660448 0.316122043301 1.89824841055
1.19482997747 0.314548252647 1.89795275567
1.1938972018 0.31297757201 1.89765668689
1.19296770344 0.311409990424 1.89736020449
1.19204146808 0.309845496981 1.89706330877
1.19111848152 0.30828408083 1.89676600004
1.19019872962 0.306725731171 1.89646827859
1.18928219831 0.305170437263 1.89617014471
1.18836887362 0.303618188417 1.89587159872
1.18745874164 0.302068973999 1.89557264091
1.18655178855 0.300522783429 1.89527327158
1.18564800058 0.298979606181 1.89497349104
1.18474736406 0.29743943178 1.89467329958
1.18384986539 0.295902249806 1.89437269752
1.18295549102 0.29436804989 1.89407168516
1.18206422751 0.292836821715 1.8937702628
1.18117606148 0.291308555018 1.89346843076
1.18029097959 0.289783239584 1.89316618933
1.17940896862 0.288260865252 1.89286353883
1.1785300154 0.28674142191 1.89256047956
1.17765410682 0.285224899496 1.89225701184
1.17678122986 0.283711288001 1.89195313597
1.17591137155 0.282200577463 1.89164885226
1.17504451902 0.28069275797 1.89134416103
1.17418065943 0.279187819659 1.89103906259
1.17331978004 0.277685752717 1.89073355725
1.17246186817 0.27618654738 1.89042764533
1.17160691119 0.274690193928 1.89012132714
1.17075489656 0.273196682695 1.88981460299
1.16990581181 0.271706004068 1.8895074732
1.16905964452 0.270218148502 1.88919993811
1.16821638236 0.268733106474 1.88889199801
1.16737601304 0.26725086851 1.88858365324
1.16653852435 0.265771425177 1.88827490412
1.16570390412 0.264294767094 1.88796575096
1.16487214028 0.262820884921 1.88765619408
1.1640432208 0.261349769368 1.88734623381
1.16321713372 0.259881411186 1.88703587047
1.16239386713 0.258415801176 1.88672510438
1.1615734092 0.25695293018 1.88641393587
1.16075574816 0.255492789086 1.88610236526
1.15994087229 0.254035368825 1.88579039287
1.15912876995 0.252580660376 1.88547801903
1.15831942954 0.251128654756 1.88516524407
1.15751283953 0.24967934303 1.88485206831
1.15670898846 0.248232716303 1.88453849208
1.15590786491 0.246788765727 1.88422451572
1.15510945753 0.245347482492 1.88391013954
1.15431375504 0.243908857832 1.88359536388
1.15352074619 0.242472883026 1.88328018906
1.15273041982 0.241039549391 1.88296461543
1.1519427648 0.239608848287 1.8826486433
1.15115777008 0.238180771116 1.88233227302
1.15037542466 0.23675530932 1.88201550491
1.14959571759 0.235332454383 1.88169833931
1.14881863797 0.233912197829 1.88138077656
1.14804417498 0.232494531222 1.88106281697
1.14727231785 0.231079446166 1.8807444609
1.14650305583 0.229666934307 1.88042570868
1.14573637828 0.228256987328 1.88010656063
1.14497227457 0.226849596952 1.87978701711
1.14421073415 0.225444754942 1.87946707844
1.14345174651 0.224042453099 1.87914674497
1.1426953012 0.222642683263 1.87882601703
1.14194138783 0.221245437315 1.87850489496
1.14118999605 0.219850707192 1.8781833791
1.14044111559 0.218458484856 1.87786146981
1.1396947362 0.217068762302 1.87753916743
1.13895084769 0.215681531563 1.87721647228
1.13820943993 0.21429678471 1.87689338473
1.13747050284 0.212914513849 1.8765699051
1.13673402638 0.211534711125 1.87624603375
1.13600000057 0.210157368718 1.87592177101
1.13526841548 0.208782478847 1.87559711724
1.13453926122 0.207410033764 1.87527207278
1.13381252796 0.20604002576 1.87494663798
1.13308820592 0.20467244716 1.87462081317
1.13236628537 0.203307290326 1.87429459871
1.13164675661 0.201944547653 1.87396799495
1.13092961002 0.200584211575 1.87364100223
1.130214836 0.199226274557 1.87331362091
1.12950242501 0.197870729102 1.87298585132
1.12879236756 0.196517567746 1.87265769383
1.1280846542 0.195166783059 1.87232914878
1.12737927554 0.193818367646 1.87200021652
1.12667622221 0.192472314146 1.87167089741
1.12597548493 0.191128615232 1.87134119179
1.12527705441 0.18978726361 1.87101110001
1.12458092146 0.188448252019 1.87068062244
1.12388707691 0.187111573232 1.87034975942
1.12319551162 0.185777220055 1.8700185113
1.12250621652 0.184445185327 1.86968687845
1.12181918258 0.183115461918 1.86935486121
1.12113440081 0.181788042732 1.86902245994
1.12045186227 0.180462920705 1.86868967499
1.11977155804 0.179140088804 1.86835650673
1.11909347929 0.17781954003 1.8680229555
1.11841761718 0.176501267413 1.86768902167
1.11774396296 0.175185264017 1.86735470559
1.11707250789 0.173871522936 1.86702000762
1.1164032433 0.172560037308 1.86668492812
1.11573616054 0.171250800307 1.86634946746
1.11507125103 0.169943805121 1.866013626
1.1144085062 0.16863904497 1.86567740409
1.11374791754 0.167336513103 1.86534080211
1.11308947657 0.166036202802 1.8650038204
1.11243317485 0.164738107377 1.86466645934
1.111779004 0.163442220168 1.86432871928
1.11112695566 0.162148534545 1.86399060059
1.11047702152 0.160857043908 1.86365210363
1.10982919331 0.159567741687 1.86331322877
1.10918346279 0.158280621339 1.86297397636
1.10853982178 0.156995676352 1.86263434677
1.10789826212 0.155712900244 1.86229434036
1.10725877569 0.154432286558 1.86195395751
1.10662135443 0.153153828869 1.86161319857
1.10598599029 0.151877520779 1.86127206392
1.10535267527 0.150603355918 1.86093055391
1.10472140143 0.149331327945 1.86058866892
1.10409216083 0.148061430547 1.86024640931
1.1034649456 0.146793657438 1.85990377545
1.10283974788 0.145528002359 1.85956076771
1.10221655988 0.144264459081 1.85921738645
1.10159537381 0.143003021399 1.85887363205
1.10097618194 0.141743683139 1.85852950487
1.10035897658 0.14048643815 1.85818500528
1.09974375006 0.13923128031 1.85784013365
1.09913049476 0.137978203524 1.85749489035
1.09851920309 0.136727201723 1.85714927575
1.09790986749 0.135478268864 1.85680329023
1.09730248046 0.134231398932 1.85645693414
1.0966970345 0.132986585934 1.85611020787
1.09609352217 0.131743823909 1.85576311179
1.09549193606 0.130503106916 1.85541564626
1.09489226879 0.129264429043 1.85506781167
1.09429451302 0.128027784403 1.85471960837
1.09369866145 0.126793167133 1.85437103675
1.09310470679 0.125560571398 1.85402209718
1.0925126418 0.124329991386 1.85367279003
1.09192245929 0.12310142131 1.85332311568
1.09133415208 0.121874855408 1.85297307449
1.09074771304 0.120650287943 1.85262266685
1.09016313504 0.119427713203 1.85227189313
1.08958041103 0.118207125499 1.8519207537
1.08899953397 0.116988519168 1.85156924893
1.08842049684 0.115771888569 1.85121737921
1.08784329267 0.114557228089 1.85086514491
1.08726791454 0.113344532164 1.85051254643
1.08669435555 0.112133795246 1.85015958414
1.08612260881 0.110925011796 1.84980625842
1.08555266748 0.109718176294 1.84945256966
1.08498452476 0.108513283248 1.84909851823
1.08441817385 0.107310327186 1.84874410452
1.08385360801 0.106109302661 1.8483893289
1.08329082053 0.104910204248 1.84803419175
1.0827298047 0.103713026547 1.84767869345
1.08217055387 0.102517764178 1.84732283439
1.08161306142 0.101324411786 1.84696661494
1.08105732075 0.100132964036 1.84661003549
1.08050332529 0.0989434156185 1.84625309642
1.07995106851 0.0977557612444 1.8458957981
1.0794005439 0.0965699956471 1.84553814093
1.07885174497 0.0953861135824 1.84518012528
1.0783046653 0.0942041098279 1.84482175153
1.07775929845 0.0930239791829 1.84446302008
1.07721563804 0.0918457164686 1.84410393129
1.0766736777 0.0906693165278 1.84374448556
1.07613341112 0.0894947742248 1.84338468327
1.07559483198 0.0883220844452 1.84302452481
1.07505793401 0.0871512420958 1.84266401055
1.07452271097 0.0859822421047 1.84230314088
1.07398915663 0.0848150794211 1.84194191619
1.07345726482 0.0836497490147 1.84158033686
1.07292702937 0.0824862458766 1.84121840327
1.07239844414 0.0813245650181 1.84085611582
1.07187150303 0.0801647014714 1.84049347488
1.07134619997 0.0790066502889 1.84013048085
1.07082252889 0.0778504065436 1.83976713411
1.07030048379 0.0766959653288 1.83940343504
1.06978005866 0.0755433217576 1.83903938403
1.06926124752 0.0743924709635 1.83867498148
1.06874404445 0.0732434080998 1.83831022776
1.06822844352 0.0720961283396 1.83794512326
1.06771443884 0.0709506268758 1.83757966837
1.06720202455 0.0698068989208 1.83721386348
1.0666911948 0.0686649397066 1.83684770898
1.0661819438 0.0675247444846 1.83648120525
1.06567426575 0.0663863085256 1.83611435268
1.06516815489 0.0652496271194 1.83574715166
1.06466360549 0.064114695575 1.83537960258
1.06416061184 0.0629815092205 1.83501170583
1.06365916826 0.0618500634029 1.83464346179
1.06315926908 0.0607203534878 1.83427487086
1.06266090868 0.0595923748609 1.83390593342
1.06216408145 0.0584661229463 1.83353664988
1.06166878181 0.0573415931749 1.83316702064
1.06117500421 0.0562187809886 1.83279704608
1.06068274311 0.055097681848 1.83242672659
1.060191993 0.0539782912319 1.83205606258
1.0597027484 0.0528606046373 1.83168505442
1.05921500384 0.0517446175792 1.83131370252
1.05872875389 0.0506303255908 1.83094200725
1.05824399314 0.0495177242229 1.83056996903
1.05776071619 0.0484068090445 1.83019758823
1.05727891767 0.0472975756419 1.82982486526
1.05679859226 0.0461900196194 1.8294518005
1.05631973462 0.0450841365985 1.82907839435
1.05584233945 0.0439799222185 1.8287046472
1.0553664015 0.0428773721357 1.82833055945
1.0548919155 0.041776482024 1.82795613148
1.05441887623 0.0406772475741 1.8275813637
1.05394727849 0.0395796644943 1.82720625649
1.05347711709 0.0384837285093 1.82683081026
1.05300838687 0.0373894353612 1.82645502539
1.0525410827 0.0362967808088 1.82607890228
1.05207519946 0.0352057606274 1.82570244133
1.05161073206 0.0341163706092 1.82532564293
1.05114767543 0.033028606563 1.82494850747
1.05068602452 0.031942464314 1.82457103535
1.05022577429 0.0308579397036 1.82419322697
1.04976691976 0.0297750285899 1.82381508272
1.04930945593 0.0286937268471 1.82343660299
1.04885337784 0.0276140303653 1.82305778819
1.04839868055 0.026535935051 1.82267863871
1.04794535914 0.0254594368265 1.82229915494
1.04749340871 0.02438453163 1.82191933728
1.04704282438 0.0233112154158 1.82153918613
1.0465936013 0.0222394841535 1.82115870188
1.04614573463 0.0211693338287 1.82077788494
1.04569921955 0.0201007604425 1.82039673569
1.04525405127 0.0190337600115 1.82001525453
1.04481022502 0.0179683285676 1.81963344186
1.04436773604 0.0169044621582 1.81925129809
1.0439265796 0.015842156846 1.81886882359
1.04348675098 0.0147814087088 1.81848601878
1.04304824549 0.0137222138396 1.81810288405
1.04261105845 0.0126645683463 1.8177194198
1.04217518522 0.0116084683519 1.81733562642
1.04174062115 0.0105539099943 1.81695150432
1.04130736164 0.00950088942611 1.81656705388
1.04087540209 0.00844940281674 1.81618227552
1.04044473793 0.00739944636401 1.81579716963
1.0400153646 0.0063510162692 1.81541173662
1.03958727757 0.00530410874504 1.8150259769
1.03916047232 0.00425872001876 1.81463989085
1.03873494435 0.00321484633201 1.81425347889
1.03831068918 0.00217248394078 1.8138667414
1.03788770236 0.00113162911535 1.81347967879
1.03746597944 9.22781402082e-05 1.81309229146
1.03704551599 -0.000945572686028 1.81270457981
1.03662630762 -0.00198192705067 1.81231654424
1.03620834993 -0.00301678862703 1.81192818515
1.03579163856 -0.0040501610745 1.81153950294
1.03537616915 -0.0050820480386 1.81115049801
1.03496193738 -0.00611245315106 1.81076117076
1.03454893894 -0.00714138002989 1.81037152159
1.03413716952 -0.00816883227945 1.80998155091
1.03372662486 -0.0091948134905 1.80959125911
1.03331730068 -0.0102193272403 1.80920064659
1.03290919275 -0.0112423770926 1.80880971376
1.03250229684 -0.0122639665978 1.80841846102
1.03209660875 -0.0132840992929 1.80802688877
1.03169212429 -0.0143027787019 1.80763499741
1.03128883929 -0.0153200083353 1.80724278734
1.03088674958 -0.0163357916905 1.80685025896
1.03048585104 -0.0173501322521 1.80645741267
1.03008613954 -0.0183630334914 1.80606424889
1.02968761097 -0.0193744988669 1.805670768
1.02929026126 -0.0203845318242 1.80527697041
1.02889408633 -0.0213931357962 1.80488285652
1.02849908213 -0.0224003142027 1.80448842674
1.02810524463 -0.0234060704512 1.80409368146
1.0277125698 -0.0244104079365 1.80369862109
1.02732105363 -0.0254133300406 1.80330324603
1.02693069215 -0.0264148401333 1.80290755669
